[gd_scene load_steps=7 format=3 uid="uid://bbt37or7ttj8t"]

[ext_resource type="PackedScene" uid="uid://b3x3kjmtlnud6" path="res://scenes/Block.tscn" id="1"]
[ext_resource type="Environment" uid="uid://c7brr2x8uxxse" path="res://Resources/Level1_Environment.tres" id="1_u673u"]
[ext_resource type="PackedScene" uid="uid://b248b6c0l0krn" path="res://scenes/tux.tscn" id="2_bi6wm"]
[ext_resource type="MeshLibrary" uid="uid://bddad7n2likmc" path="res://Resources/world-blocks-v1.tres" id="2_m1u6n"]
[ext_resource type="PackedScene" uid="uid://xxfwyro6hjqd" path="res://scenes/soap.tscn" id="5_nm5ji"]

[sub_resource type="BoxShape3D" id="BoxShape3D_ao2bn"]
size = Vector3(128.171, 7.65527, 126.872)

[node name="Level1" type="Node3D"]

[node name="WorldEnvironment" type="WorldEnvironment" parent="."]
environment = ExtResource("1_u673u")

[node name="GridMap" type="GridMap" parent="."]
mesh_library = ExtResource("2_m1u6n")
data = {
"cells": PackedInt32Array(-3, 0, 0, -3, 1, 0, -3, 2, 0, -2, 1, 0, -2, 2, 0, -1, 1, 0, -1, 2, 0, -65536, 0, 0, -65536, 1, 0, -65536, 2, 0, -65535, 65534, 0, -65535, 0, 0, -65535, 1, 0, -65535, 2, 0, -65534, 65533, 0, -65534, 65534, 0, -65534, 65535, 0, -65534, 0, 0, -65534, 1, 0, -65534, 2, 0, -4, 65534, 5, -4, 65535, 5, -4, 0, 5, -3, 3, 1048581, -2, 3, 1048581, -1, 3, 1048581, -65536, 3, 1048581, -65535, 3, 1048581, -65533, 2, 655365, -65533, 1, 655365, -65533, 0, 655365, -65533, 65535, 655365, -3, 65532, 1441797, -2, 65532, 1441797, -1, 65532, 1441797, -65536, 65532, 1441797, -65535, 65532, 1441797, -4, 65533, 5, -4, 2, 5, -65534, 3, 1048581, -65534, 65532, 1441797, -65533, 65533, 655365, -65533, 65532, 1441798, -65533, 3, 655366, -4, 3, 1048582, -4, 65532, 6, 0, 1, 0, 1, 1, 0, 65535, 1, 655361, 65534, 1, 655362, -65535, 65533, 0, -65536, 65534, 5, -1, 65533, 1048581, -2, 65533, 1048581, -3, 65534, 655365, -3, 65533, 1441792, -65536, 65533, 1441792, -65535, 65535, 1441792, -2, 0, 1441797, -1, 0, 1441797, -3, 65535, 655365, -65536, 65535, 5, 65537, 0, 1441794, 1, 0, 1441792, 65537, 65535, 1441793, 1, 65535, 1441792, 65537, 65534, 1441792, 65537, 65533, 1441798, 65536, 65533, 1441792, 131072, 65533, 2, 196607, 65533, 1, 196606, 65533, 0, 262141, 65534, 1048578, 262141, 65535, 1048577, 262141, 0, 1048582, 262142, 0, 1048576, 327678, 0, 655362, 327679, 0, 655361, 262144, 0, 655366, 262144, 65535, 655360, 327680, 65535, 1441794, 327680, 65534, 1441793, 327680, 65533, 1441798, 393215, 65533, 1441792, 458751, 65533, 2, 458750, 65533, 1, 458749, 65533, 6, 458749, 65534, 0, 524285, 65534, 1048578, 524285, 65535, 1048577, 524285, 0, 1048582, 524286, 0, 1048576, 589822, 0, 655362, 589823, 0, 655361, 524288, 0, 655366, 524288, 65535, 655360, 589824, 65535, 1441794, 589824, 65534, 1441793, 589824, 65533, 1441798, 655359, 65533, 1441792, 720895, 65533, 2, 720894, 65533, 1, 720893, 65533, 6, 720893, 65534, 0, 786429, 65534, 1048578, 786429, 65535, 1048577, 786429, 0, 1048582, 786430, 0, 1048576, 851966, 0, 655362, 851967, 0, 655361, 786432, 0, 655366, 786432, 65535, 655360, 851968, 65535, 1441794, 851968, 65534, 1441793, 851968, 65533, 1441798, 917503, 65533, 1441792, 983039, 65533, 2, 983038, 65533, 1, 983037, 65533, 6, 983037, 65534, 0, 1048573, 65534, 1048578, 1048573, 65535, 1048577, 1048573, 0, 1048582, 1048574, 0, 1048576, 1114110, 0, 655362, 1114111, 0, 655361, 1048576, 0, 655366, 1048576, 65535, 655360, 1114112, 65535, 1441794, 1114112, 65534, 1441793, 1114112, 65533, 1441798, 1179647, 65533, 1441792, 1245183, 65533, 2, 1245182, 65533, 1, 1245181, 65533, 6, 1245181, 65534, 0, 1310717, 65534, 1048578, 1310717, 65535, 1048577, 1310717, 0, 1048582, 1310718, 0, 1048576, 1376254, 0, 655362, 1376255, 0, 655361, 1310720, 0, 655366, 1310720, 65535, 655360, 1376256, 65535, 1441794, 1376256, 65534, 1441793, 1376256, 65533, 1441798, 1441791, 65533, 1441792, 1507327, 65533, 2, 1507326, 65533, 1, 1507325, 65533, 6, 1507325, 65534, 0, 1572861, 65534, 1048578, 1572861, 65535, 1048577, 1572861, 0, 1048582, 1572862, 0, 1048576, 1638398, 0, 655362, 1638399, 0, 655361, 1572864, 0, 655366, 1572864, 65535, 655360, 1638400, 65535, 1441794, 1638400, 65534, 1441793, 1638400, 65533, 1441798, 1703935, 65533, 1441792, 1769471, 65533, 2, 1769470, 65533, 1, 1769469, 65533, 6, 1769469, 65534, 0, 1835005, 65534, 1048578, 1835005, 65535, 1048577, 1835005, 0, 1048582, 1835006, 0, 1048576, 1900542, 0, 655362, 1900543, 0, 655361, 1835008, 0, 655366, 1835008, 65535, 655360, 1900544, 65535, 1441794, 1900544, 65534, 1441793, 1900544, 65533, 1441798, 1966079, 65533, 1441792, 2031615, 65533, 2, 2031614, 65533, 1, 2031613, 65533, 6, 2031613, 65534, 0, 2097149, 65534, 1048578, 2097149, 65535, 1048577, 2097149, 0, 1048582, 2097150, 0, 1048576, 2162686, 0, 655362, 2162687, 0, 655361, 2097152, 0, 655366, 2097152, 65535, 655360, 2162688, 65535, 1441794, 2162688, 65534, 1441793, 2162688, 65533, 1441798, 2228223, 65533, 1441792, 2293759, 65533, 2, 2293758, 65533, 1, 2293757, 65533, 6, 2293757, 65534, 0, 2359293, 65534, 1048578, 2359293, 65535, 1048577, 2359293, 0, 1048582, 2359294, 0, 1048576, 2424830, 0, 655362, 2424831, 0, 655361, 2359296, 0, 655366, 2359296, 65535, 655360, 2424832, 65535, 1441794, 2424832, 65534, 1441793, 2424832, 65533, 1441798, 2490367, 65533, 1441792, 2555903, 65533, 2, 2555902, 65533, 1, 2555901, 65533, 6, 2555901, 65534, 0, 2621437, 65534, 1048578, 2621437, 65535, 1048577, 2621437, 0, 1048582, 2621438, 0, 1048576, 2686974, 0, 655362, 2686975, 0, 655361, 2621440, 0, 655366, 2621440, 65535, 655360, 2686976, 65535, 1441794, 2686976, 65534, 1441793, 2686976, 65533, 1441798, 2752511, 65533, 1441792, 2818047, 65533, 2, 2818046, 65533, 1, 2818045, 65533, 6, 2818045, 65534, 0, 2883581, 65534, 1048578, 2883581, 65535, 1048577, 2883581, 0, 1048582, 2883582, 0, 1048576, 2949118, 0, 655362, 2949119, 0, 655361, 2883584, 0, 655366, 2883584, 65535, 655360, 2949120, 65535, 1441794, 2949120, 65534, 1441793, 2949120, 65533, 1441798, 3014655, 65533, 1441792, 3080191, 65533, 2, 3080190, 65533, 1, 3080189, 65533, 6, 3080189, 65534, 0, 3145725, 65534, 1048578, 3145725, 65535, 1048577, 3145725, 0, 1048582, 3145726, 0, 1048576, 3211262, 0, 655362, 3211263, 0, 655361, 3145728, 0, 655366, 3145728, 65535, 655360, 3211264, 65535, 1441794, 3211264, 65534, 1441793, 3211264, 65533, 1441798, 3276799, 65533, 1441792, 3342335, 65533, 2, 3342334, 65533, 1, 3342333, 65533, 6, 3342333, 65534, 0, 3407869, 65534, 1048578, 3407869, 65535, 1048577, 3407869, 0, 1048582, 3407870, 0, 1048576, 3473406, 0, 655362, 3473407, 0, 655361, 3407872, 0, 655366, 3407872, 65535, 655360, 3473408, 65535, 1441794, 3473408, 65534, 1441793, 3473408, 65533, 1441798, 3538943, 65533, 1441792, 3604479, 65533, 2, 3604478, 65533, 1, 3604477, 65533, 6, 3604477, 65534, 0, 3670013, 65534, 1048578, 3670013, 65535, 1048577, 3670013, 0, 1048582, 3670014, 0, 1048576, 3735550, 0, 655362, 3735551, 0, 655361, 3670016, 0, 655366, 3670016, 65535, 655360, 3735552, 65535, 1441794, 3735552, 65534, 1441793, 3735552, 65533, 1441798, 3801087, 65533, 1441792, 3866623, 65533, 2, 3866622, 65533, 1, 3866621, 65533, 6, 3866621, 65534, 0, 3932157, 65534, 1048578, 3932157, 65535, 1048577, 3932157, 0, 1048582, 3932158, 0, 1048576, 3997694, 0, 655362, 3997695, 0, 655361, 3932160, 0, 655366, 3932160, 65535, 655360, 3997696, 65535, 1441794, 3997696, 65534, 1441793, 3997696, 65533, 1441798, 4063231, 65533, 1441792, 4128767, 65533, 2, 4128766, 65533, 1, 4128765, 65533, 6, 4128765, 65534, 0, 4194301, 65534, 1048578, 4194301, 65535, 1048577, 4194301, 0, 1048582, 4194302, 0, 1048576, 4259838, 0, 655362, 4259839, 0, 655361, 4194304, 0, 655366, 4194304, 65535, 655360, 4259840, 65535, 1441794, 4259840, 65534, 1441793, 4259840, 65533, 1441798, 4325375, 65533, 1441792, -65533, 65534, 655365, -4, 1, 655360, -12, 1, 655360, -13, 1, 655360, -12, 0, 1441798, -12, 2, 655366, -14, 0, 6, -14, 2, 1048582, -13, 0, 1048576, -13, 2, 1048576, -14, 1, 1048576, 65530, 1, 1048579, 65523, 65534, 1048579, 65520, 1, 1048579, -13, 3, 1048576, 65523, 3, 1048578, 65523, 4, 1048577, 131059, 5, 1048578, 131059, 6, 1048577, 196595, 7, 1048578, 196595, 8, 1048577, 196595, 9, 1048582, 131064, 9, 655366, 131059, 7, 655360, 65523, 5, 655360, 65528, 1, 3, 65526, 1, 3, 196605, 65533, 1441797, 196604, 65533, 1441797, 196604, 65534, 1048581, 196603, 65534, 1048581, 196602, 65534, 1048581, 196601, 65534, 1048581, 196600, 65534, 1048581, 196599, 65534, 1048581, 196598, 65534, 1048581, 196603, 65533, 1441797, 196602, 65533, 1441797, 196601, 65533, 1441797, 196600, 65533, 1441797, 196599, 65533, 1441797, 196598, 65533, 1441797, 196597, 65533, 1441797, 196596, 65533, 1441797, 196597, 65534, 1048581, 196595, 65533, 6, 196596, 65534, 1048581, 196595, 65534, 5, 196595, 65535, 1441793, 196605, 65534, 1441792, 65535, 65534, 0, 65534, 65535, 0, 65534, 65534, 0, 65535, 65535, 0)
}
metadata/_editor_floor_ = Vector3(0, 0, 0)

[node name="DirectionalLight3D" type="DirectionalLight3D" parent="."]
transform = Transform3D(0.93251, -0.361115, 0.0045502, -0.0372087, -0.0835367, 0.99581, -0.359222, -0.928772, -0.0913354, -1.96353, 37.6417, -1.97973)
shadow_enabled = true

[node name="Tux" parent="." instance=ExtResource("2_bi6wm")]
transform = Transform3D(1, 0, 1.74845e-07, 0, 1, 0, -1.74845e-07, 0, 1, -6, 0.754152, 6)

[node name="Blocks" type="Node3D" parent="."]
transform = Transform3D(1, 0, 0, 0, 1, 0, 0, 0, 1, 0, 0, -3.34358)

[node name="Block1" parent="Blocks" instance=ExtResource("1")]
transform = Transform3D(0.866025, -0.5, 0, 0.482963, 0.836516, 0.258819, -0.12941, -0.224144, 0.965926, -2.10718, 11.4856, 0.586022)

[node name="Block2" parent="Blocks" instance=ExtResource("1")]
transform = Transform3D(0.866024, -0.499999, 0, 0.372033, 0.64438, -0.668104, 0.334053, 0.578595, 0.744067, -2.85657, 13.0898, 0.633456)

[node name="Block3" parent="Blocks" instance=ExtResource("1")]
transform = Transform3D(0.866025, -0.5, 0, 0.43565, 0.754567, -0.490752, 0.245376, 0.425003, 0.8713, -1.08347, 15.7104, 0.822924)

[node name="Block4" parent="Blocks" instance=ExtResource("1")]
transform = Transform3D(-0.123668, -0.962863, -0.240002, 0.983849, -0.150513, 0.0968841, -0.12941, -0.224144, 0.965926, -1.86405, 18.6466, 1.47693)

[node name="Block5" parent="Blocks" instance=ExtResource("1")]
transform = Transform3D(-0.0208041, -0.784696, 0.61953, 0.942324, -0.222435, -0.250093, 0.334053, 0.578595, 0.744067, -3.0264, 21.0454, 2.05681)

[node name="Block6" parent="Blocks" instance=ExtResource("1")]
transform = Transform3D(-0.0797952, -0.886872, 0.455072, 0.919082, 0.111281, 0.378029, -0.385904, 0.448413, 0.806228, -0.835852, 23.1726, 1.99117)

[node name="Block7" parent="Blocks" instance=ExtResource("1")]
transform = Transform3D(0.866025, -0.5, 0, 0.482963, 0.836516, 0.258819, -0.12941, -0.224144, 0.965926, -2.10718, 158.702, 0.586022)

[node name="Block8" parent="Blocks" instance=ExtResource("1")]
transform = Transform3D(0.866024, -0.499999, 0, 0.372033, 0.64438, -0.668104, 0.334053, 0.578595, 0.744067, -2.85657, 160.306, 0.633456)

[node name="Block9" parent="Blocks" instance=ExtResource("1")]
transform = Transform3D(0.866025, -0.5, 0, 0.43565, 0.754567, -0.490752, 0.245376, 0.425003, 0.8713, -1.08347, 162.927, 0.822924)

[node name="Block10" parent="Blocks" instance=ExtResource("1")]
transform = Transform3D(-0.123668, -0.962863, -0.240002, 0.983849, -0.150513, 0.0968841, -0.12941, -0.224144, 0.965926, -1.86405, 165.863, 1.47693)

[node name="Block11" parent="Blocks" instance=ExtResource("1")]
transform = Transform3D(-0.0208041, -0.784696, 0.61953, 0.942324, -0.222435, -0.250093, 0.334053, 0.578595, 0.744067, -3.0264, 168.262, 2.05681)

[node name="Block12" parent="Blocks" instance=ExtResource("1")]
transform = Transform3D(-0.0797952, -0.886872, 0.455072, 0.919082, 0.111281, 0.378029, -0.385904, 0.448413, 0.806228, -0.835852, 170.389, 1.99117)

[node name="Giant_Soap" parent="." instance=ExtResource("5_nm5ji")]
transform = Transform3D(49.9999, 0, 0, 0, 49.9999, 0, 0, 0, 49.9999, 1.08631, 133.95, -4.99705)

[node name="FallZone" type="Area3D" parent="."]
transform = Transform3D(1, 0, 0, 0, 1, 0, 0, 0, 1, 0, -4.90781, 0)

[node name="CollisionShape3D" type="CollisionShape3D" parent="FallZone"]
transform = Transform3D(1, 0, 0, 0, 1, 0, 0, 0, 1, 0.138083, -1.50787, -0.201439)
shape = SubResource("BoxShape3D_ao2bn")

[connection signal="body_entered" from="FallZone" to="Tux" method="_on_fall_zone_body_entered"]
